453422 13.5 13 8 12 14.5
459811 10.5 9.5 7 12 12
472367 12 9 7.5 10.5 12
459817 10.5 13.5 9.5 8 13
459828 15.5 13.5 12.5 16 18
445166 15.5 13 12.5 13 17
460130 14 13 12 14.5 16.5
441100 14.5 13.5 12.5 15 17.5
459482 13 13 11 9 14.5
459836 11.5 11 7.5 8.5 12
444591 13 13 10 12 15
459844 14.5 12 12 15 16.5
508092 13 11.5 11.5 9 14
440856 13 14 11 13.5 16
462436 15.5 12 12 13.5 16.5
425366 12 10.5 11 13 14.5
459031 13.5 10.5 9 12 14
515451 13 13.5 12 8 14.5
463941 14 10.5 11 14 15.5
425934 9 10 11 12.5 13.5
459893 14 12.5 14.5 9 15.5
408801 11 13.5 11 13.5 15.5
463350 13 9 10.5 13.5 14.5
462349 14 13.5 9.5 12 15.5
521321 11 6.5 10 11.5 12
442340 15.5 11.5 10.5 12.5 15.5
460073 13.5 13.5 12.5 15 17
425549 12 11.5 10.5 11.5 14
460513 13.5 11 13 15 16.5
440969 8.5 11 9 8.5 11.5
461714 15 13 11 15 17
440762 13 13 9.5 12.5 15
444863 4.5 12 6 8 9.5
442932 11 11.5 9.5 14 14.5
425393 10.5 8 10 12 12.5
440779 6.5 13 14 16 15.5
492547 14.5 12 11 12 15.5
427821 12.5 13.5 13.5 16 14.5
457582 13 14 13.5 13.5 17
445400 12 13 12.5 12.5 15.5
425410 15.5 14 14 14 18
462460 12 13.5 12 11.5 15.5
425420 7 12 9.5 15.5 14
460001 13 13.5 11 14.5 16.5
459346 15 13 12.5 14.5 17
459274 11 9.5 9.5 11 13
441157 15.5 12 12 15 17
461121 13 14 14.5 14.5 17.5
461638 14.5 13 8.5 15 16
409292 8 13 10 13.5 14
459679 13.5 14 11 15 16.5
489053 14.5 13 13.5 8.5 15.5
460999 13 12 11.5 13.5 15.5
458865 14.5 11 9.5 12.5 15
425747 14.5 11 14 14 16.5
436655 12.5 12.5 15.5 15 17.5
461555 14 13 9.5 13.5 15.5
425450 13.5 7.5 8 10 12
439675 13 11 11.5 12 15
425459 12.5 10.5 10 12.5 14
425461 14 13 11.5 12.5 16
520047 14 13.5 10 14 16
526415 14 14 11.5 16 17.5
507899 13.5 12 8.5 7 13
459750 14 13 9.5 15.5 15.5
459762 15 13.5 12 14.5 17
472347 13.5 13 4.5 11 13
427946 14 11 8.5 9.5 13.5
459764 13 12.5 12.5 13.5 16
459766 13 13 13 15.5 17
459770 14.5 13.5 12 15 17
408665 12 13 11.5 14 16
459786 10.5 10 0 13.5 10.5
445394 14.5 14.5 11 14.5 17